169 106
19 144 263 18 189
59 101 67
69 233 54
232 100 191 180 228
38 22
138 252 256 198 216
192 163 207 9 30
47 186 119 156
35 86 32 214 57
99 220 55 120 88
208 103 121 27 50
117 147 104
181 195 64 170
161 91 49 242
25 116
89 122 0 239 14
33 160 168 107
227 11 24 206
201 187 26
105 244 53 148
21 97 202 223 212
31 142 164
222 229 241 71 209
184 132
157 42 136 145
134 254 203
155 80 111 128
2 83 204 94 264
248 6 196 259 213
253 95 98 93
52 200 219 197
240 75 172 113
173 74 90 15
139 79
171 23 176 194 125
150 249 262
45 178 39 146 199
41 72 10
85 246 137 77
165 175 118 217 70
182 63 20 13
16 62 65 51 153
124 166 127
258 231
179 3 126
73 37 56 230
109 78 238 108
8 4 250 255 159
218 82
215 1 235 92
46 261 129
61 81 185
96 193 12 247 243
5 188 114 131
205 112 251 43 29
141 236
154 110
123 190 130 76
48 177
167 84
143 162 226 66 44
257 87 58 174 245
28 115 102 36 210
34 151 158 237 224
152 149 60 17 234
68 133 260 140
135 225
40 211 221 7 183
55 84
180 100 223 101
25 254 13
81 195 176
241 170
103 161 47
124 153
262 247 56 195 63
155 149 192 259 184
210 232 70 22
89 79 42
162 8
130 86 185 152 126
203 234 101 178 134
139 146
111 204 154
232 207 59
98 147 72 195 237
181 185
40 172 218 253
149 150
234 228 191
156 192 142 162 91
89 179 252
196 116 68 13 159
90 48
258 69 138 134 57
89 202 53
158 54 264 163
7 195 133 141 248
251 120 76 114 218
82 236 184 7 228
30 217 104
79 148 65 100
77 71 110
86 117
38 86 229
38 166 189 88 130
162 157 151 150 254
238 129 70
95 44 104
108 143 256 119
186 19 243 159
113 229
67 69 130
91 53 201
63 142 112
100 48 150 42
247 121 27
53 23
69 158 177 216 45
169 87
239 153
104 91 81 245
71 16 64 247 49
168 17
181 96
242 55 56 158
124 251 202 166 254
131 250 98
236 216 171 262
